493	0
861	1
730	2
816	3
601	4
V84	5
330	6
E970	7
E007	8
596	9
743	10
803	11
631	12
784	13
151	14
412	15
513	16
V25	17
808	18
204	19
978	20
E854	21
823	22
600	23
332	24
710	25
015	26
253	27
051	28
756	29
945	30
192	31
433	32
251	33
991	34
E884	35
190	36
139	37
V63	38
E012	39
339	40
V15	41
277	42
300	43
114	44
203	45
246	46
160	47
464	48
570	49
673	50
525	51
115	52
973	53
088	54
702	55
900	56
E935	57
V90	58
E814	59
060	60
268	61
V86	62
352	63
734	64
572	65
809	66
564	67
V42	68
813	69
E870	70
767	71
879	72
708	73
866	74
904	75
937	76
121	77
E974	78
307	79
458	80
356	81
150	82
E804	83
102	84
719	85
792	86
658	87
482	88
V34	89
V54	90
095	91
634	92
955	93
807	94
E986	95
E823	96
E872	97
E878	98
V72	99
047	100
V60	101
E813	102
E883	103
127	104
389	105
310	106
623	107
301	108
448	109
577	110
910	111
007	112
324	113
E843	114
228	115
825	116
E934	117
905	118
212	119
569	120
161	121
E968	122
135	123
180	124
940	125
956	126
V27	127
647	128
874	129
E841	130
037	131
141	132
583	133
423	134
894	135
488	136
E906	137
745	138
438	139
712	140
E826	141
E895	142
917	143
216	144
340	145
359	146
093	147
981	148
578	149
250	150
V64	151
198	152
629	153
E017	154
865	155
026	156
522	157
072	158
147	159
345	160
V40	161
939	162
031	163
001	164
591	165
V77	166
541	167
698	168
935	169
679	170
337	171
124	172
255	173
774	174
E832	175
916	176
100	177
672	178
E874	179
422	180
283	181
826	182
923	183
802	184
936	185
V06	186
V26	187
343	188
481	189
377	190
E936	191
375	192
014	193
830	194
608	195
860	196
788	197
116	198
721	199
183	200
254	201
179	202
764	203
E858	204
604	205
E014	206
420	207
E856	208
219	209
773	210
845	211
425	212
E885	213
832	214
E890	215
707	216
477	217
040	218
735	219
779	220
429	221
036	222
643	223
V67	224
210	225
920	226
294	227
523	228
650	229
557	230
E847	231
V57	232
V20	233
201	234
E842	235
997	236
361	237
322	238
E947	239
V48	240
360	241
454	242
793	243
466	244
624	245
V76	246
V61	247
077	248
E880	249
770	250
834	251
887	252
607	253
996	254
E805	255
130	256
732	257
998	258
350	259
045	260
E882	261
235	262
750	263
722	264
084	265
353	266
098	267
239	268
265	269
E835	270
E902	271
977	272
005	273
E996	274
E857	275
853	276
562	277
519	278
749	279
558	280
E993	281
234	282
E861	283
E892	284
091	285
960	286
058	287
V71	288
205	289
193	290
V03	291
625	292
083	293
971	294
432	295
334	296
293	297
257	298
453	299
E810	300
002	301
864	302
243	303
869	304
396	305
241	306
E849	307
951	308
953	309
617	310
050	311
V59	312
682	313
309	314
740	315
E828	316
110	317
323	318
852	319
379	320
097	321
V41	322
E869	323
414	324
E931	325
347	326
224	327
118	328
162	329
E998	330
567	331
582	332
E816	333
012	334
993	335
E821	336
171	337
506	338
071	339
575	340
E891	341
E845	342
492	343
355	344
382	345
V23	346
703	347
V46	348
586	349
V50	350
723	351
011	352
267	353
048	354
244	355
491	356
E921	357
306	358
777	359
611	360
616	361
806	362
E948	363
129	364
909	365
E009	366
759	367
335	368
056	369
217	370
V65	371
V74	372
202	373
646	374
447	375
896	376
462	377
V08	378
373	379
585	380
344	381
038	382
146	383
E868	384
785	385
465	386
776	387
881	388
796	389
789	390
431	391
620	392
966	393
992	394
065	395
926	396
V56	397
387	398
680	399
V83	400
819	401
543	402
994	403
818	404
027	405
351	406
500	407
683	408
970	409
884	410
173	411
733	412
530	413
208	414
042	415
692	416
964	417
374	418
515	419
363	420
397	421
249	422
120	423
V79	424
155	425
404	426
165	427
E943	428
E865	429
303	430
131	431
E913	432
678	433
094	434
365	435
194	436
668	437
E015	438
901	439
185	440
445	441
E019	442
618	443
073	444
622	445
435	446
511	447
761	448
E914	449
385	450
E930	451
E938	452
729	453
E967	454
261	455
854	456
599	457
289	458
457	459
943	460
822	461
E887	462
317	463
614	464
288	465
714	466
580	467
851	468
459	469
654	470
E910	471
025	472
602	473
659	474
507	475
V07	476
E922	477
E811	478
638	479
755	480
V85	481
236	482
220	483
560	484
E005	485
635	486
199	487
587	488
E916	489
V10	490
952	491
875	492
E909	493
256	494
V66	495
354	496
E829	497
751	498
312	499
016	500
152	501
697	502
388	503
782	504
686	505
949	506
209	507
605	508
E956	509
145	510
538	511
709	512
186	513
266	514
436	515
473	516
416	517
153	518
E987	519
455	520
890	521
117	522
230	523
649	524
229	525
941	526
189	527
747	528
049	529
039	530
568	531
E965	532
232	533
380	534
982	535
828	536
172	537
326	538
128	539
E966	540
954	541
226	542
775	543
E952	544
427	545
E002	546
V35	547
E863	548
666	549
665	550
938	551
148	552
768	553
758	554
E008	555
206	556
E873	557
880	558
E969	559
787	560
671	561
V13	562
348	563
979	564
494	565
137	566
378	567
798	568
346	569
E946	570
742	571
E960	572
233	573
E817	574
E030	575
986	576
744	577
870	578
196	579
319	580
584	581
221	582
384	583
E940	584
315	585
V52	586
693	587
833	588
501	589
E838	590
975	591
308	592
517	593
182	594
E912	595
701	596
207	597
950	598
222	599
282	600
276	601
313	602
E924	603
143	604
644	605
929	606
V58	607
805	608
933	609
369	610
632	611
516	612
E006	613
101	614
231	615
V80	616
838	617
724	618
E852	619
V14	620
906	621
V16	622
690	623
820	624
349	625
V70	626
E927	627
924	628
342	629
158	630
018	631
149	632
V11	633
676	634
902	635
725	636
661	637
E937	638
341	639
590	640
669	641
532	642
240	643
386	644
362	645
771	646
566	647
V87	648
537	649
215	650
918	651
648	652
371	653
637	654
023	655
263	656
677	657
417	658
333	659
E984	660
553	661
934	662
E875	663
670	664
957	665
E846	666
227	667
081	668
E016	669
428	670
327	671
318	672
181	673
786	674
720	675
211	676
159	677
717	678
E988	679
E959	680
526	681
163	682
829	683
041	684
573	685
264	686
V62	687
096	688
588	689
911	690
815	691
695	692
V18	693
314	694
967	695
E840	696
556	697
E010	698
E953	699
626	700
074	701
919	702
133	703
974	704
781	705
104	706
505	707
066	708
006	709
V82	710
E995	711
E925	712
621	713
592	714
534	715
V02	716
402	717
490	718
846	719
157	720
413	721
E881	722
E926	723
092	724
594	725
010	726
536	727
446	728
539	729
E886	730
487	731
320	732
485	733
839	734
922	735
142	736
652	737
452	738
835	739
E908	740
645	741
260	742
394	743
V73	744
090	745
619	746
V09	747
540	748
739	749
059	750
863	751
766	752
E917	753
170	754
046	755
763	756
245	757
930	758
746	759
675	760
296	761
132	762
164	763
606	764
780	765
054	766
696	767
925	768
003	769
E818	770
E819	771
827	772
440	773
009	774
E932	775
292	776
V33	777
801	778
932	779
E894	780
754	781
527	782
988	783
064	784
731	785
529	786
593	787
843	788
804	789
463	790
441	791
640	792
E807	793
794	794
995	795
V68	796
154	797
713	798
552	799
E929	800
842	801
E958	802
411	803
791	804
304	805
882	806
087	807
V29	808
E928	809
393	810
872	811
E000	812
664	813
715	814
641	815
V55	816
V12	817
053	818
962	819
778	820
662	821
370	822
476	823
075	824
535	825
285	826
705	827
471	828
E919	829
078	830
E905	831
057	832
736	833
681	834
080	835
111	836
034	837
868	838
085	839
295	840
V05	841
968	842
272	843
286	844
175	845
E888	846
480	847
184	848
381	849
V19	850
E975	851
817	852
961	853
769	854
E822	855
942	856
364	857
125	858
972	859
E013	860
E834	861
176	862
052	863
134	864
728	865
E899	866
214	867
V01	868
655	869
474	870
873	871
984	872
271	873
965	874
273	875
472	876
E860	877
726	878
674	879
291	880
958	881
944	882
V89	883
976	884
V47	885
847	886
504	887
484	888
E920	889
270	890
225	891
392	892
651	893
521	894
893	895
837	896
836	897
657	898
987	899
886	900
290	901
112	902
E954	903
915	904
258	905
E989	906
612	907
959	908
395	909
287	910
280	911
086	912
V31	913
269	914
571	915
E903	916
E933	917
508	918
503	919
E003	920
E939	921
376	922
841	923
913	924
946	925
063	926
E853	927
421	928
738	929
579	930
V91	931
878	932
E824	933
E955	934
358	935
061	936
475	937
848	938
551	939
368	940
275	941
E957	942
727	943
524	944
401	945
E812	946
398	947
876	948
656	949
663	950
325	951
E999	952
174	953
311	954
963	955
443	956
213	957
496	958
470	959
E992	960
033	961
336	962
752	963
783	964
237	965
444	966
502	967
E850	968
589	969
V04	970
E001	971
867	972
321	973
700	974
403	975
V51	976
004	977
278	978
391	979
565	980
055	981
748	982
218	983
E893	984
716	985
510	986
E897	987
E900	988
639	989
331	990
030	991
E983	992
E911	993
908	994
597	995
E866	996
642	997
486	998
495	999
799	1000
615	1001
814	1002
281	1003
E004	1004
E806	1005
762	1006
E831	1007
E979	1008
990	1009
840	1010
297	1011
V45	1012
831	1013
200	1014
948	1015
871	1016
460	1017
E825	1018
947	1019
772	1020
E827	1021
E867	1022
E851	1023
598	1024
514	1025
V53	1026
070	1027
685	1028
442	1029
V21	1030
633	1031
483	1032
E820	1033
195	1034
850	1035
921	1036
844	1037
298	1038
907	1039
434	1040
032	1041
741	1042
711	1043
914	1044
E848	1045
426	1046
630	1047
520	1048
390	1049
V69	1050
144	1051
897	1052
737	1053
533	1054
E029	1055
299	1056
E904	1057
415	1058
188	1059
985	1060
366	1061
082	1062
024	1063
824	1064
E898	1065
E915	1066
430	1067
262	1068
424	1069
E871	1070
302	1071
252	1072
338	1073
684	1074
274	1075
V88	1076
103	1077
983	1078
140	1079
357	1080
797	1081
284	1082
383	1083
704	1084
191	1085
895	1086
E982	1087
305	1088
187	1089
550	1090
980	1091
449	1092
E901	1093
V22	1094
V44	1095
903	1096
E876	1097
122	1098
V24	1099
E855	1100
931	1101
E981	1102
405	1103
E918	1104
999	1105
576	1106
410	1107
E950	1108
197	1109
E862	1110
555	1111
V75	1112
076	1113
927	1114
862	1115
667	1116
E945	1117
E941	1118
518	1119
760	1120
691	1121
242	1122
V78	1123
E864	1124
812	1125
079	1126
156	1127
969	1128
753	1129
E844	1130
512	1131
E985	1132
542	1133
531	1134
456	1135
E815	1136
062	1137
660	1138
912	1139
694	1140
706	1141
989	1142
627	1143
877	1144
451	1145
126	1146
021	1147
610	1148
E879	1149
372	1150
E923	1151
478	1152
V28	1153
138	1154
035	1155
E836	1156
581	1157
E980	1158
259	1159
099	1160
595	1161
800	1162
E961	1163
765	1164
461	1165
528	1166
238	1167
223	1168
013	1169
757	1170
790	1171
883	1172
008	1173
V81	1174
574	1175
136	1176
811	1177
017	1178
022	1179
821	1180
279	1181
810	1182
V30	1183
E944	1184
928	1185
E949	1186
795	1187
367	1188
437	1189
316	1190
E942	1191
020	1192
V43	1193
718	1194
123	1195
653	1196
628	1197
891	1198
603	1199
V17	1200
885	1201
V49	1202
892	1203
